50526585
50526598
50526643
50526647
50969402
51139666
51139667
51139668
51139669
51139670
51139671
51139672
51139673
51139674
51139675
51139676
51139677
51139678
51139679
51139680
51139681
51139682
51305821
51305825
51305826
51305827
51305828
51305829
51305836
51305837
51305838
51305839
51305840
51305841
51305842
51305843
51305844
51305845
51305846
51305847
51305848
51305849
51305850
51305869
51305870
51305871
51305873
51305874
51305875
51305876
51305877
51305886
51305887
51305888
51305889
51305890
51305891
51305892
51305893
51305894
51305895
51305896
51305897
51305898
51305899
51305900
51305901
51305914
51305915
51305924
51305925
51305926
51305927
51305928
51305929
51305930
51305931
51305932
51305933
51305934
51305946
51305947
51305948
51305949
51305950
51305951
